Exemplar_Size,Task 1,Task 2,Task 3,Task 4,Method
100,0.9843971631205675,0.3591967871485943,0.2059339177343223,0.26029919447640965,EWC_Replay
100,0.9991071428571429,0.2932980599647266,0.2604885057471264,0.23659378596087458,EWC_Replay
100,0.9989873417721519,0.394107452339688,0.27159999999999995,0.1601841196777905,EWC_Replay
100,0.9981373690337602,0.4316901408450704,0.25676855895196504,0.2779056386651323,EWC_Replay
100,0.9981373690337602,0.3257976298997265,0.30393013100436683,0.2794016110471806,EWC_Replay
100,0.9977202072538859,0.3349436392914653,0.20581081081081082,0.23866513233601835,EWC_Replay
100,0.9840286054827174,0.34475843208751134,0.32809315866084426,0.28400460299194474,EWC_Replay
100,0.9764845605700714,0.39187396351575454,0.2954821308159136,0.22899884925201378,EWC_Replay
100,0.9850210970464135,0.31722448979591833,0.31702702702702695,0.2287686996547756,EWC_Replay
100,0.9852077001013171,0.43068273092369475,0.26392447741065406,0.2456846950517836,EWC_Replay
100,0.9831223628691983,0.2917081260364842,0.3549623545516769,0.20414269275028762,EWC_Replay
100,0.9973056994818654,0.3471790678659035,0.17097878165639968,0.17169159953970078,EWC_Replay
100,0.984155844155844,0.37195767195767193,0.308108108108108,0.23924050632911387,EWC_Replay
100,0.9987341772151899,0.4955985915492958,0.25007278020378454,0.2909090909090909,EWC_Replay
100,0.9872340425531914,0.4383252818035427,0.19081081081081078,0.23003452243958572,EWC_Replay
100,0.9979338842975205,0.3813654618473895,0.3486666666666666,0.18849252013808973,EWC_Replay
100,0.9988372093023254,0.5271748878923768,0.3301848049281314,0.2295742232451093,EWC_Replay
100,0.9990877993158496,0.4267264573991031,0.3197809719370294,0.19493670886075948,EWC_Replay
100,0.9920273348519363,0.26344086021505375,0.23144104803493448,0.35005753739930945,EWC_Replay
100,0.9984810126582279,0.4147859922178988,0.317816091954023,0.24867663981588026,EWC_Replay
100,0.9794805194805194,0.41129032258064513,0.2532432432432432,0.1915995397008055,EWC_Replay
100,0.9971074380165289,0.42420278004905965,0.2574948665297741,0.21334867663981583,EWC_Replay
100,0.996440489432703,0.3533861037818821,0.2918103448275862,0.26490218642117375,EWC_Replay
100,0.9970984455958549,0.31062801932367146,0.19864864864864862,0.17836593785960872,EWC_Replay
100,0.9917995444191344,0.27813620071684586,0.25312954876273647,0.28112773302646715,EWC_Replay
100,0.9698025551684089,0.42716711349419123,0.3780175320296696,0.35178365937859607,EWC_Replay
100,0.9979475484606615,0.4395147313691508,0.2699712643678161,0.25477560414269274,EWC_Replay
100,0.9825734549138805,0.49871175523349437,0.20364864864864862,0.225891829689298,EWC_Replay
100,0.9981395348837209,0.49793721973094174,0.3096509240246407,0.1917146144994246,EWC_Replay
100,0.9977678571428571,0.3437389770723104,0.2899425287356322,0.2714614499424626,EWC_Replay
393,0.9845997973657548,0.4112449799196787,0.3310856372218476,0.3102416570771001,EWC_Replay
393,0.9966517857142858,0.32363315696649025,0.32140804597701145,0.26881472957422325,EWC_Replay
393,0.9974683544303797,0.5885615251299827,0.30106666666666665,0.1827387802071346,EWC_Replay
393,0.9981373690337602,0.4586267605633803,0.2708879184861718,0.2723820483314154,EWC_Replay
393,0.9988358556461001,0.45068368277119414,0.3467248908296943,0.2962025316455696,EWC_Replay
393,0.9983419689119171,0.37616747181964577,0.29324324324324325,0.22830840046029918,EWC_Replay
393,0.9842669845053635,0.4264357338195078,0.3071324599708879,0.34821634062140394,EWC_Replay
393,0.9814726840855107,0.39767827529021554,0.305192178017532,0.3227848101265822,EWC_Replay
393,0.9837552742616035,0.45240816326530614,0.40486486486486484,0.29148446490218644,EWC_Replay
393,0.9858156028368794,0.4067469879518072,0.2822656776803776,0.27848101265822783,EWC_Replay
393,0.9860759493670885,0.34759535655058044,0.38138261464750167,0.20874568469505173,EWC_Replay
393,0.9979274611398964,0.4168438266557645,0.2202600958247775,0.19574223245109318,EWC_Replay
393,0.9781818181818182,0.39082892416225745,0.34824324324324324,0.27560414269275024,EWC_Replay
393,0.9989873417721519,0.5056338028169014,0.28326055312954873,0.3238204833141542,EWC_Replay
393,0.9837892603850051,0.4888888888888888,0.29999999999999993,0.22819332566168002,EWC_Replay
393,0.9973140495867769,0.4215261044176707,0.33519999999999994,0.2205983889528193,EWC_Replay
393,0.9986046511627908,0.4902242152466368,0.2952772073921971,0.2233601841196778,EWC_Replay
393,0.998175598631699,0.40017937219730937,0.31403148528405195,0.20955120828538548,EWC_Replay
393,0.9929384965831435,0.33494623655913974,0.35589519650655016,0.3204833141542002,EWC_Replay
393,0.999493670886076,0.4824902723735409,0.37557471264367814,0.26386651323360183,EWC_Replay
393,0.9854545454545456,0.4611111111111111,0.2709459459459459,0.29424626006904486,EWC_Replay
393,0.9977272727272727,0.5167620605069501,0.25023956194387403,0.1918296892980437,EWC_Replay
393,0.9959955506117909,0.3917326297273527,0.37456896551724134,0.2973532796317606,EWC_Replay
393,0.9973056994818652,0.3605475040257649,0.21081081081081074,0.24073647871116224,EWC_Replay
393,0.9915717539863327,0.31326164874551965,0.29068413391557496,0.3171461449942462,EWC_Replay
393,0.9693379790940766,0.44164432529043784,0.42144302090357383,0.32807825086306097,EWC_Replay
393,0.9984036488027366,0.3987868284228769,0.22126436781609188,0.24303797468354427,EWC_Replay
393,0.9850050658561298,0.5001610305958132,0.2809459459459459,0.23256616800920593,EWC_Replay
393,0.9986046511627906,0.42708520179372195,0.2929500342231348,0.2356731875719217,EWC_Replay
393,0.9975446428571428,0.46155202821869484,0.36609195402298844,0.2715765247410816,EWC_Replay
1547,0.9829787234042554,0.42730923694779116,0.3425488873904247,0.30460299194476403,EWC_Replay
1547,0.9964285714285713,0.318694885361552,0.3448275862068965,0.3232451093210586,EWC_Replay
1547,0.9984810126582279,0.572790294627383,0.33066666666666666,0.2350978135788262,EWC_Replay
1547,0.99953434225844,0.4350352112676056,0.34585152838427946,0.34062140391254314,EWC_Replay
1547,0.9990686845168799,0.47602552415679134,0.35502183406113536,0.30840046029919443,EWC_Replay
1547,0.9977202072538859,0.34025764895330113,0.23783783783783785,0.2752589182968929,EWC_Replay
1547,0.9828367103694875,0.4182315405651777,0.33333333333333337,0.3846950517836593,EWC_Replay
1547,0.976959619952494,0.47296849087893855,0.28550236008091706,0.3163406214039125,EWC_Replay
1547,0.9848101265822784,0.4279183673469388,0.3985135135135135,0.31403912543153045,EWC_Replay
1547,0.987031408308004,0.4865863453815262,0.2709372892784895,0.28204833141541996,EWC_Replay
1547,0.9862869198312236,0.34361525704809287,0.3804243668720055,0.26214039125431526,EWC_Replay
1547,0.9970984455958547,0.5435813573180702,0.2971937029431896,0.22807825086306094,EWC_Replay
1547,0.9828571428571429,0.4514991181657848,0.3717567567567568,0.2974683544303797,EWC_Replay
1547,0.9987341772151899,0.5931338028169013,0.3331877729257641,0.3372842347525891,EWC_Replay
1547,0.9845997973657548,0.5288244766505636,0.3331081081081081,0.29919447640966623,EWC_Replay
1547,0.9979338842975206,0.33751004016064257,0.33640000000000003,0.25960874568469505,EWC_Replay
1547,0.9983720930232558,0.5008071748878924,0.3730321697467488,0.20794016110471802,EWC_Replay
1547,0.9977194982896238,0.3782959641255605,0.33867214236824095,0.265247410817031,EWC_Replay
1547,0.9908883826879272,0.3252688172043011,0.3826783114992722,0.3756041426927502,EWC_Replay
1547,0.9974683544303797,0.5507782101167316,0.42313218390804597,0.36421173762945913,EWC_Replay
1547,0.9825974025974027,0.4754480286738351,0.3331081081081081,0.29597238204833143,EWC_Replay
1547,0.9981404958677687,0.5494685200327065,0.2496919917864476,0.22612197928653624,EWC_Replay
1547,0.9975528364849833,0.3574318381706244,0.38706896551724135,0.2798619102416571,EWC_Replay
1547,0.9964766839378238,0.5475040257648953,0.2614864864864864,0.32255466052934406,EWC_Replay
1547,0.9920273348519363,0.39390681003584227,0.34454148471615714,0.39067894131185266,EWC_Replay
1547,0.9646922183507549,0.49794459338695257,0.4664868509777477,0.3494821634062141,EWC_Replay
1547,0.9979475484606614,0.3280762564991334,0.30459770114942525,0.30805523590333717,EWC_Replay
1547,0.9880445795339412,0.47117552334943646,0.3164864864864865,0.30241657077100115,EWC_Replay
1547,0.9983720930232558,0.5011659192825112,0.37440109514031483,0.2425776754890679,EWC_Replay
1547,0.9970982142857142,0.4151675485008818,0.35603448275862065,0.40563866513233593,EWC_Replay
6085,0.9858156028368794,0.45429718875502,0.34093054619015506,0.31898734177215193,EWC_Replay
6085,0.9970982142857142,0.5047619047619047,0.40086206896551724,0.3840046029919447,EWC_Replay
6085,0.999746835443038,0.5674176776429809,0.4026666666666666,0.30402761795166855,EWC_Replay
6085,0.9986030267753201,0.3158450704225352,0.34221251819505094,0.3407364787111622,EWC_Replay
6085,0.9988358556461,0.39234275296262533,0.31004366812227074,0.41070195627157646,EWC_Replay
6085,0.9962694300518133,0.47117552334943646,0.33,0.26409666283084005,EWC_Replay
6085,0.9802145411203813,0.39216043755697355,0.3420669577874818,0.3673187571921749,EWC_Replay
6085,0.9786223277909738,0.5467661691542289,0.30101146325016853,0.3288837744533947,EWC_Replay
6085,0.9864978902953586,0.4705306122448979,0.3801351351351351,0.33360184119677794,EWC_Replay
6085,0.9839918946301924,0.450281124497992,0.3902899527983816,0.3356731875719217,EWC_Replay
6085,0.9810126582278482,0.4480928689883913,0.4316221765913757,0.2276179516685845,EWC_Replay
6085,0.9973056994818652,0.42567457072771864,0.3252566735112936,0.3082853855005753,EWC_Replay
6085,0.9870129870129871,0.3708994708994709,0.46689189189189184,0.28400460299194474,EWC_Replay
6085,0.9979746835443037,0.628169014084507,0.3831149927219796,0.351783659378596,EWC_Replay
6085,0.9862208713272542,0.5389694041867955,0.32121621621621615,0.3415420023014959,EWC_Replay
6085,0.9979338842975206,0.3773493975903614,0.3761333333333333,0.2388952819332566,EWC_Replay
6085,0.9981395348837211,0.49542600896860983,0.3969883641341546,0.24545454545454543,EWC_Replay
6085,0.9995438996579248,0.4157847533632286,0.4173853524982888,0.26110471806674335,EWC_Replay
6085,0.9892938496583144,0.46756272401433685,0.38151382823871904,0.416915995397008,EWC_Replay
6085,0.999746835443038,0.5466926070038911,0.46178160919540223,0.3581127733026467,EWC_Replay
6085,0.985974025974026,0.4473118279569892,0.38635135135135135,0.3265822784810126,EWC_Replay
6085,0.9973140495867767,0.5144726083401471,0.29924709103353864,0.22128883774453395,EWC_Replay
6085,0.996662958843159,0.5002638522427441,0.3987068965517241,0.32048331415420017,EWC_Replay
6085,0.9962694300518133,0.39049919484702095,0.2608108108108108,0.29861910241657075,EWC_Replay
6085,0.9917995444191344,0.47777777777777775,0.3606986899563319,0.4065592635212888,EWC_Replay
6085,0.9660859465737515,0.4647006255585344,0.4555630478759271,0.3457997698504028,EWC_Replay
6085,0.9979475484606614,0.25961871750433274,0.3610632183908046,0.33567318757192177,EWC_Replay
6085,0.9848024316109424,0.4296296296296296,0.3104054054054054,0.30483314154200225,EWC_Replay
6085,0.9974418604651163,0.486457399103139,0.37796030116358653,0.22359033371691597,EWC_Replay
6085,0.9979910714285716,0.43650793650793646,0.35301724137931034,0.4009205983889528,EWC_Replay
175,0.9872340425531915,0.4062650602409638,0.22737693863789615,0.31334867663981586,EWC_Replay
175,0.996875,0.3514991181657848,0.3548850574712643,0.26846950517836593,EWC_Replay
175,0.9989873417721519,0.5168110918544194,0.3344,0.1769850402761795,EWC_Replay
175,0.9972060535506403,0.4008802816901409,0.234061135371179,0.2956271576524741,EWC_Replay
175,0.9986030267753201,0.3932543299908843,0.2838427947598253,0.2962025316455696,EWC_Replay
175,0.9987564766839376,0.38872785829307566,0.23040540540540538,0.25201380897583425,EWC_Replay
175,0.9804529201430274,0.4532360984503191,0.24061135371179035,0.2788262370540851,EWC_Replay
175,0.9774346793349169,0.3791044776119402,0.2570465273095077,0.3192174913693901,EWC_Replay
175,0.9833333333333334,0.28195918367346934,0.3578378378378378,0.2452243958573072,EWC_Replay
175,0.9807497467071936,0.40562248995983924,0.19743762643290624,0.25385500575373987,EWC_Replay
175,0.9845991561181435,0.32902155887230516,0.3188227241615332,0.20863060989643264,EWC_Replay
175,0.997720207253886,0.44889615699100566,0.1972621492128679,0.2002301495972382,EWC_Replay
175,0.9776623376623377,0.39347442680776007,0.29189189189189185,0.22888377445339464,EWC_Replay
175,0.9987341772151899,0.4975352112676056,0.2346433770014556,0.2635212888377445,EWC_Replay
175,0.9854103343465045,0.4877616747181964,0.2858108108108108,0.25983889528193316,EWC_Replay
175,0.9977272727272727,0.3821686746987951,0.3237333333333333,0.19597238204833137,EWC_Replay
175,0.9988372093023254,0.4783856502242152,0.3214236824093087,0.21530494821634058,EWC_Replay
175,0.9984036488027366,0.36125560538116586,0.30691307323750855,0.22359033371691592,EWC_Replay
175,0.9917995444191344,0.3525089605734767,0.32183406113537116,0.3295742232451094,EWC_Replay
175,0.9992405063291139,0.4093385214007782,0.37772988505747124,0.270771001150748,EWC_Replay
175,0.9763636363636365,0.3802867383512544,0.2936486486486486,0.18849252013808968,EWC_Replay
175,0.9989669421487604,0.3586263286999182,0.2799452429842573,0.2102416570771001,EWC_Replay
175,0.9975528364849833,0.4121372031662268,0.3547413793103448,0.24384349827387797,EWC_Replay
175,0.9973056994818652,0.37777777777777777,0.18999999999999995,0.19551208285385496,EWC_Replay
175,0.990888382687927,0.26433691756272404,0.284570596797671,0.2746835443037975,EWC_Replay
175,0.9688734030197443,0.4214477211796246,0.3401213755900202,0.2882623705408516,EWC_Replay
175,0.9990877993158496,0.418370883882149,0.24856321839080459,0.24637514384349823,EWC_Replay
175,0.9856129685916919,0.41417069243156196,0.2578378378378378,0.2621403912543153,EWC_Replay
175,0.9981395348837209,0.446457399103139,0.29965776865160854,0.20966628308400453,EWC_Replay
175,0.9975446428571428,0.3206349206349206,0.3306034482758621,0.3093210586881473,EWC_Replay
100,0.9860182370820668,0.38361445783132525,0.20337154416722852,0.3018411967779056,Random
100,0.996875,0.3033509700176366,0.3132183908045977,0.2583429228998849,Random
100,0.9977215189873417,0.41369150779896013,0.3121333333333333,0.17951668584579974,Random
100,0.9986030267753201,0.3838028169014084,0.2534206695778748,0.2800920598388953,Random
100,0.99790454016298,0.3755697356426618,0.28224163027656474,0.2700805523590334,Random
100,0.997720207253886,0.32995169082125597,0.2168918918918919,0.1835443037974683,Random
100,0.9816448152562576,0.3257976298997265,0.22256186317321686,0.2695051783659378,Random
100,0.9774346793349171,0.3499170812603648,0.22279163857046527,0.29919447640966623,Random
100,0.9843881856540084,0.37208163265306116,0.369054054054054,0.15224395857307246,Random
100,0.9868287740628168,0.37542168674698795,0.2204989885367498,0.2555811277330265,Random
100,0.9879746835443038,0.3257048092868988,0.3516769336071184,0.2184119677790563,Random
100,0.9979274611398964,0.4099754701553556,0.20123203285420943,0.19309551208285383,Random
100,0.9825974025974025,0.4155202821869488,0.2889189189189189,0.19654775604142688,Random
100,0.9982278481012659,0.4980633802816901,0.2470160116448326,0.26800920598388955,Random
100,0.9850050658561298,0.4666666666666667,0.2012162162162162,0.20253164556962017,Random
100,0.9973140495867769,0.3892369477911646,0.29866666666666664,0.1830840046029919,Random
100,0.9981395348837209,0.4118385650224215,0.3196440793976728,0.2080552359033371,Random
100,1.0,0.36412556053811657,0.3175906913073237,0.20828538550057535,Random
100,0.9915717539863325,0.3021505376344086,0.2509461426491994,0.31806674338319907,Random
100,0.9982278481012659,0.3704280155642023,0.30114942528735633,0.2665132336018412,Random
100,0.9820779220779221,0.432078853046595,0.26729729729729723,0.1926352128883774,Random
100,0.9979338842975206,0.4528209321340964,0.21971252566735106,0.1867663981588032,Random
100,0.9973303670745273,0.3173262972735268,0.30991379310344824,0.2318757192174913,Random
100,0.9995854922279792,0.4227053140096618,0.23013513513513512,0.2029919447640966,Random
100,0.9906605922551253,0.28727598566308243,0.32081513828238717,0.2912543153049482,Random
100,0.9714285714285713,0.3815907059874888,0.36587997302764663,0.2626006904487917,Random
100,0.998859749144812,0.42946273830155973,0.21422413793103448,0.23314154200230144,Random
100,0.9872340425531915,0.45571658615136873,0.2077027027027027,0.22451093210586878,Random
100,0.9983720930232559,0.4175784753363228,0.3523613963039014,0.20655926352128878,Random
100,0.996875,0.3423280423280423,0.29813218390804597,0.27675489067894127,Random
393,0.9815602836879433,0.4041767068273092,0.3173297370195549,0.3200230149597238,Random
393,0.9975446428571428,0.41164021164021153,0.37140804597701144,0.2974683544303797,Random
393,0.9989873417721519,0.504159445407279,0.29706666666666665,0.17134637514384346,Random
393,0.9986030267753201,0.415669014084507,0.335080058224163,0.30840046029919443,Random
393,0.9981373690337602,0.4395624430264357,0.31528384279475985,0.32543153049482154,Random
393,0.9973056994818652,0.4969404186795491,0.28027027027027024,0.25350978135788266,Random
393,0.9842669845053635,0.3972652689152233,0.31921397379912664,0.3148446490218642,Random
393,0.9786223277909739,0.4275290215588723,0.31395819285232635,0.27825086306098956,Random
393,0.9837552742616034,0.35020408163265304,0.3831081081081081,0.28515535097813577,Random
393,0.9866261398176291,0.4199196787148594,0.26230613621038434,0.30759493670886073,Random
393,0.9852320675105485,0.42421227197346595,0.35427789185489383,0.20920598388952816,Random
393,0.9975129533678755,0.4402289452166803,0.35236139630390134,0.22255466052934408,Random
393,0.9774025974025975,0.4035273368606701,0.3066216216216216,0.26605293440736477,Random
393,0.9984810126582279,0.5829225352112676,0.2576419213973799,0.2860759493670885,Random
393,0.988449848024316,0.49742351046698874,0.2577027027027027,0.28193325661680096,Random
393,0.9987603305785123,0.41622489959839354,0.3874666666666667,0.2379746835443038,Random
393,0.9988372093023257,0.5519282511210762,0.31745379876796714,0.2294591484464902,Random
393,0.9990877993158496,0.39372197309417034,0.3522245037645448,0.22508630609896435,Random
393,0.992255125284738,0.3134408602150537,0.32241630276564776,0.37433831990794014,Random
393,0.9979746835443037,0.5075875486381323,0.38362068965517243,0.310126582278481,Random
393,0.9787012987012987,0.40591397849462363,0.27999999999999997,0.2502876869965477,Random
393,0.9981404958677687,0.38969746524938664,0.271731690622861,0.23452243958573069,Random
393,0.996662958843159,0.40369393139841686,0.35761494252873566,0.2855005753739931,Random
393,0.9970984455958549,0.30370370370370364,0.216081081081081,0.25224395857307247,Random
393,0.9913439635535308,0.3057347670250896,0.3282387190684134,0.3858457997698504,Random
393,0.9686411149825785,0.41358355674709557,0.39865138233310854,0.33901035673187574,Random
393,0.9986316989737745,0.4232235701906412,0.32586206896551717,0.27042577675489066,Random
393,0.9843971631205675,0.4607085346215781,0.3012162162162162,0.2451093210586881,Random
393,0.9993023255813954,0.4995515695067264,0.28131416837782336,0.2672036823935558,Random
393,0.9979910714285716,0.4015873015873016,0.37557471264367814,0.28308400460299193,Random
1547,0.9860182370820668,0.4044979919678714,0.3704652730950776,0.31219792865362483,Random
1547,0.996875,0.4178130511463844,0.3395114942528736,0.3094361334867664,Random
1547,0.999493670886076,0.5549393414211439,0.31626666666666664,0.19090909090909086,Random
1547,0.99930151338766,0.4329225352112676,0.2946142649199417,0.3052934407364787,Random
1547,0.9988358556461,0.39124886052871466,0.27540029112081515,0.3063291139240506,Random
1547,0.9973056994818652,0.38132045088566824,0.3094594594594594,0.29804372842347526,Random
1547,0.9811680572109654,0.47365542388331816,0.39475982532751086,0.3749136939010356,Random
1547,0.9731591448931116,0.4865671641791044,0.2743088334457181,0.3016110471806674,Random
1547,0.9818565400843882,0.4584489795918367,0.42270270270270266,0.33233601841196775,Random
1547,0.9884498480243161,0.4359839357429719,0.32852326365475387,0.3219792865362486,Random
1547,0.9850210970464135,0.38258706467661685,0.3891854893908282,0.24844649021864207,Random
1547,0.9989637305699481,0.5721995094031072,0.29199178644763857,0.2714614499424625,Random
1547,0.9825974025974027,0.4603174603174603,0.36500000000000005,0.3066743383199079,Random
1547,0.999493670886076,0.615669014084507,0.3263464337700145,0.32727272727272727,Random
1547,0.9864235055724417,0.5206119162640902,0.3254054054054054,0.26766398158803223,Random
1547,0.9975206611570246,0.37461847389558234,0.3806666666666666,0.2792865362485615,Random
1547,0.9981395348837209,0.5126457399103138,0.3286789869952087,0.22911392405063288,Random
1547,0.9974914481185861,0.3946188340807174,0.3639972621492128,0.25546605293440733,Random
1547,0.9929384965831435,0.410573476702509,0.34512372634643373,0.4116225546605293,Random
1547,0.9987341772151899,0.5610894941634241,0.4619252873563219,0.30057537399309553,Random
1547,0.9810389610389609,0.4181003584229391,0.3210810810810811,0.32727272727272727,Random
1547,0.9981404958677687,0.5347506132461161,0.2561259411362081,0.2105868814729574,Random
1547,0.9957730812013349,0.4965699208443272,0.38175287356321835,0.304487917146145,Random
1547,0.9968911917098444,0.5030595813204508,0.3013513513513514,0.31599539700805523,Random
1547,0.9890660592255125,0.4847670250896057,0.377292576419214,0.36985040276179515,Random
1547,0.9681765389082461,0.45344057193923143,0.45124747134187454,0.33060989643268124,Random
1547,0.9993158494868872,0.37227036395147317,0.31393678160919536,0.2972382048331415,Random
1547,0.9874366767983789,0.49420289855072463,0.33418918918918916,0.30299194476409663,Random
1547,0.9974418604651163,0.49345291479820624,0.3861738535249829,0.18964326812428073,Random
1547,0.996875,0.45132275132275124,0.36594827586206896,0.3813578826237054,Random
6085,0.9866261398176291,0.485140562248996,0.37464598786244097,0.32128883774453393,Random
6085,0.9966517857142858,0.4811287477954145,0.38965517241379305,0.3383199079401611,Random
6085,0.9987341772151899,0.5807625649913344,0.3785333333333333,0.2846950517836594,Random
6085,0.9990686845168801,0.36602112676056336,0.3615720524017466,0.32140391254315304,Random
6085,0.9988358556461001,0.3717411121239744,0.29213973799126636,0.3365937859608746,Random
6085,0.9970984455958549,0.4692431561996779,0.3758108108108108,0.29942462600690445,Random
6085,0.9799761620977355,0.3850501367365542,0.32867540029112075,0.37272727272727274,Random
6085,0.9710213776722091,0.5140961857379768,0.22751180040458524,0.32842347525891824,Random
6085,0.9852320675105485,0.5090612244897958,0.3940540540540541,0.27594936708860757,Random
6085,0.9813576494427558,0.36497991967871485,0.38071476736345244,0.33693901035673185,Random
6085,0.9869198312236287,0.44079601990049744,0.34702258726899377,0.2536248561565017,Random
6085,0.9975129533678755,0.4933769419460344,0.30869267624914437,0.3150747986191024,Random
6085,0.9862337662337662,0.41005291005291006,0.417027027027027,0.26110471806674335,Random
6085,0.9979746835443037,0.6431338028169015,0.36724890829694323,0.32278481012658233,Random
6085,0.9870314083080041,0.5223832528180354,0.35027027027027025,0.3417721518987341,Random
6085,0.9975206611570246,0.354859437751004,0.3696,0.27054085155350976,Random
6085,0.9983720930232558,0.4737219730941704,0.35249828884325807,0.29953970080552356,Random
6085,0.9995438996579248,0.3894170403587444,0.33757700205338803,0.25443037974683536,Random
6085,0.991116173120729,0.382258064516129,0.3627365356622998,0.41979286536248556,Random
6085,0.9989873417721519,0.5694552529182879,0.4455459770114943,0.31380897583429224,Random
6085,0.9849350649350649,0.4586021505376344,0.37878378378378375,0.31518987341772153,Random
6085,0.9977272727272727,0.5455437448896158,0.24065708418891166,0.23199079401611042,Random
6085,0.996440489432703,0.42990325417766045,0.3806034482758621,0.2997698504027618,Random
6085,0.9960621761658031,0.5048309178743962,0.2508108108108108,0.2510932105868814,Random
6085,0.9917995444191344,0.5611111111111111,0.3787481804949054,0.4040276179516685,Random
6085,0.9684088269454124,0.4750670241286864,0.5093728927848955,0.3627157652474108,Random
6085,0.9977194982896236,0.36169844020797226,0.34985632183908044,0.2953970080552359,Random
6085,0.9880445795339412,0.5103059581320452,0.2313513513513513,0.3098964326812428,Random
6085,0.9986046511627908,0.5225112107623319,0.3971252566735113,0.28481012658227844,Random
6085,0.9979910714285716,0.47037037037037044,0.3810344827586206,0.39148446490218636,Random
175,0.9825734549138805,0.37365461847389553,0.22899527983816587,0.2714614499424625,Random
175,0.9970982142857142,0.36613756613756615,0.31307471264367814,0.295512082853855,Random
175,0.9969620253164557,0.4480069324090121,0.35386666666666666,0.1810126582278481,Random
175,0.9981373690337602,0.4047535211267605,0.2621542940320232,0.2728423475258918,Random
175,0.9983701979045401,0.3914311759343664,0.31193595342066954,0.2941311852704257,Random
175,0.9960621761658031,0.4159420289855073,0.28270270270270265,0.22197928653624857,Random
175,0.9823599523241956,0.4258887876025524,0.2583697234352256,0.26962025316455696,Random
175,0.9776722090261283,0.3870646766169154,0.2531355360755226,0.29505178365937856,Random
175,0.9858649789029537,0.39183673469387753,0.3748648648648648,0.2322209436133486,Random
175,0.9839918946301924,0.42698795180722887,0.2353337828725556,0.2661680092059839,Random
175,0.9848101265822786,0.3958540630182421,0.3838466803559206,0.19436133486766397,Random
175,0.9973056994818654,0.42910874897792317,0.27693360711841203,0.21242807825086302,Random
175,0.9849350649350649,0.40776014109347447,0.2962162162162162,0.2567318757192175,Random
175,0.9989873417721519,0.4757042253521127,0.2461426491994177,0.31657077100115066,Random
175,0.9843971631205675,0.5161030595813204,0.2217567567567567,0.2553509781357882,Random
175,0.9979338842975206,0.40224899598393576,0.366,0.16881472957422322,Random
175,0.9979069767441862,0.3851121076233184,0.3394934976043805,0.22612197928653624,Random
175,0.9977194982896238,0.3829596412556054,0.33661875427789184,0.21910241657077098,Random
175,0.9897494305239178,0.2870967741935483,0.282532751091703,0.35592635212888374,Random
175,0.9987341772151899,0.41342412451361865,0.36594827586206896,0.26962025316455696,Random
175,0.983896103896104,0.3863799283154122,0.2862162162162162,0.23475258918296893,Random
175,0.9973140495867769,0.4212591986917416,0.2302532511978097,0.22382048331415416,Random
175,0.9975528364849833,0.3430079155672823,0.3001436781609195,0.25293440736478706,Random
175,0.9968911917098445,0.32705314009661834,0.2186486486486486,0.2158803222094361,Random
175,0.9929384965831435,0.36200716845878134,0.25109170305676853,0.32991944764096653,Random
175,0.9686411149825783,0.3680071492403932,0.41928523263654754,0.30886075949367087,Random
175,0.998175598631699,0.4492201039861352,0.2732758620689655,0.27767548906789413,Random
175,0.9805471124620062,0.43816425120772945,0.2979729729729729,0.28538550057537393,Random
175,0.9979069767441862,0.4098654708520179,0.3203285420944558,0.2010356731875719,Random
175,0.9955357142857144,0.3610229276895943,0.32816091954022986,0.3029919447640966,Random
100,0.9900709219858156,0.3987148594377509,0.25111260957518544,0.30840046029919443,iCaRL
100,0.9993303571428571,0.43192239858906517,0.30617816091954025,0.30345224395857306,iCaRL
100,0.999746835443038,0.49722703639514726,0.35719999999999996,0.21254315304948218,iCaRL
100,0.99930151338766,0.4705985915492958,0.28282387190684133,0.3159953970080552,iCaRL
100,0.9990686845168799,0.42971741112123973,0.3148471615720524,0.3471806674338319,iCaRL
100,0.9989637305699481,0.44122383252818037,0.2847297297297297,0.24545454545454543,iCaRL
100,0.9897497020262216,0.4650865998176846,0.26637554585152834,0.3355581127733026,iCaRL
100,0.9878859857482185,0.4958540630182421,0.3379635873229939,0.3109321058688147,iCaRL
100,0.9928270042194093,0.4987755102040817,0.3933783783783783,0.3425776754890678,iCaRL
100,0.9910840932117528,0.38987951807228916,0.3163857046527309,0.3132336018411968,iCaRL
100,0.9898734177215192,0.42553897180762856,0.3801505817932922,0.2985040276179517,iCaRL
100,0.9979274611398964,0.6021259198691742,0.21984941820670767,0.2706559263521288,iCaRL
100,0.991168831168831,0.46737213403880074,0.36527027027027026,0.3136939010356732,iCaRL
100,0.9989873417721519,0.5308098591549296,0.2669577874818049,0.3071346375143843,iCaRL
100,0.9937183383991893,0.47681159420289854,0.26378378378378375,0.25212888377445336,iCaRL
100,0.9997933884297521,0.40353413654618475,0.39959999999999996,0.29263521288837746,iCaRL
100,1.0,0.45291479820627795,0.39000684462696783,0.2708860759493671,iCaRL
100,0.9995438996579248,0.44717488789237664,0.35044490075290896,0.2680092059838895,iCaRL
100,0.99498861047836,0.3476702508960573,0.35429403202328963,0.3886075949367089,iCaRL
100,0.9984810126582279,0.45330739299610895,0.40186781609195404,0.289873417721519,iCaRL
100,0.9903896103896104,0.4718637992831541,0.3174324324324324,0.20989643268124275,iCaRL
100,0.9989669421487604,0.47996729354047424,0.19520876112251875,0.24292289988492516,iCaRL
100,0.9993325917686319,0.47053649956024624,0.3749999999999999,0.3476409666283084,iCaRL
100,0.998963730569948,0.4698872785829307,0.3104054054054054,0.26501726121979285,iCaRL
100,0.9952164009111618,0.48584229390681005,0.34483260553129547,0.37307249712312995,iCaRL
100,0.9767711962833914,0.4362823949955317,0.3835468644639245,0.3231300345224396,iCaRL
100,0.9995438996579248,0.441421143847487,0.282183908045977,0.30966628308400457,iCaRL
100,0.993110435663627,0.47632850241545893,0.23918918918918916,0.23774453394706557,iCaRL
100,0.9995348837209302,0.4719282511210762,0.4362765229295003,0.3052934407364787,iCaRL
100,0.9993303571428571,0.46790123456790117,0.3607758620689655,0.35926352128883776,iCaRL
393,0.9927051671732523,0.3481124497991967,0.3359406608226568,0.32405063291139236,iCaRL
393,0.9991071428571429,0.3881834215167548,0.38793103448275856,0.34142692750287684,iCaRL
393,0.999746835443038,0.5441941074523396,0.42893333333333333,0.28964326812428076,iCaRL
393,0.99930151338766,0.4823943661971831,0.3193595342066957,0.3495972382048331,iCaRL
393,0.9990686845168801,0.4123974475843209,0.3621542940320233,0.3634062140391254,iCaRL
393,0.9989637305699481,0.4640901771336553,0.3263513513513513,0.2686996547756041,iCaRL
393,0.9899880810488678,0.4878760255241568,0.333042212518195,0.33383199079401604,iCaRL
393,0.9907363420427554,0.5217247097844112,0.3572488199595415,0.29286536248561557,iCaRL
393,0.9919831223628692,0.5175510204081633,0.36108108108108106,0.3373993095512082,iCaRL
393,0.9890577507598783,0.3873092369477911,0.3491571139581929,0.3025316455696202,iCaRL
393,0.9900843881856541,0.39601990049751234,0.41341546885694724,0.3085155350978136,iCaRL
393,0.998963730569948,0.5390024529844645,0.3519507186858316,0.28434982738780207,iCaRL
393,0.9919480519480519,0.43738977072310403,0.39391891891891895,0.3653624856156501,iCaRL
393,0.999746835443038,0.5012323943661972,0.31397379912663753,0.3609896432681242,iCaRL
393,0.9908814589665653,0.43494363929146534,0.27756756756756756,0.30598388952819333,iCaRL
393,0.9989669421487604,0.42586345381526103,0.3748,0.30402761795166855,iCaRL
393,0.9986046511627908,0.4613452914798207,0.4417522245037645,0.27399309551208284,iCaRL
393,0.9984036488027368,0.43551569506726456,0.38822724161533195,0.25638665132336014,iCaRL
393,0.9933940774487471,0.4381720430107527,0.2861717612809315,0.3956271576524741,iCaRL
393,0.999493670886076,0.46750972762645915,0.4372126436781609,0.3425776754890679,iCaRL
393,0.9906493506493508,0.5077060931899642,0.34310810810810805,0.3455696202531645,iCaRL
393,0.9989669421487604,0.5008994276369583,0.3264887063655031,0.3219792865362486,iCaRL
393,0.9991101223581758,0.4647317502198768,0.3951149425287356,0.3364787111622555,iCaRL
393,0.9989637305699481,0.4954911433172303,0.29729729729729726,0.24004602991944762,iCaRL
393,0.995899772209567,0.44964157706093183,0.37394468704512374,0.3665132336018411,iCaRL
393,0.9809523809523808,0.44164432529043784,0.4265677680377613,0.29401611047180665,iCaRL
393,0.9986316989737742,0.4653379549393414,0.34382183908045977,0.33590333716915993,iCaRL
393,0.990273556231003,0.46392914653784223,0.28662162162162164,0.2771001150747986,iCaRL
393,1.0,0.47246636771300443,0.467898699520876,0.3319907940161104,iCaRL
393,0.9995535714285715,0.4118165784832451,0.32672413793103444,0.38469505178365937,iCaRL
1547,0.9898682877406282,0.3667469879518072,0.332434254888739,0.315765247410817,iCaRL
1547,0.9993303571428573,0.35502645502645497,0.3183908045977011,0.3807825086306098,iCaRL
1547,0.999746835443038,0.5377816291161179,0.3984,0.2814729574223245,iCaRL
1547,0.99953434225844,0.360387323943662,0.35604075691411935,0.3842347525891829,iCaRL
1547,0.99930151338766,0.5358249772105743,0.32721979621542935,0.35765247410817025,iCaRL
1547,0.998963730569948,0.5062801932367149,0.36067567567567566,0.28584579976985036,iCaRL
1547,0.9921334922526818,0.4689152233363719,0.30087336244541485,0.3738780207134637,iCaRL
1547,0.9876484560570071,0.53150912106136,0.3312204989885367,0.32048331415420017,iCaRL
1547,0.9917721518987342,0.5387755102040817,0.34608108108108104,0.3117376294591484,iCaRL
1547,0.9908814589665653,0.33028112449799196,0.3557653405259608,0.33670886075949363,iCaRL
1547,0.9907172995780591,0.33946932006633496,0.39739904175222446,0.29919447640966623,iCaRL
1547,0.9993782383419688,0.4930498773507768,0.37097878165639975,0.3317606444188722,iCaRL
1547,0.9932467532467533,0.42627865961199285,0.4066216216216215,0.30759493670886073,iCaRL
1547,0.997721518987342,0.530105633802817,0.3477438136826783,0.35063291139240504,iCaRL
1547,0.9894630192502533,0.4336553945249598,0.4024324324324324,0.28457997698504023,iCaRL
1547,0.9993801652892561,0.4300401606425702,0.4094666666666667,0.320253164556962,iCaRL
1547,0.9997674418604652,0.4624215246636772,0.4561259411362081,0.28975834292289987,iCaRL
1547,0.9990877993158496,0.31587443946188337,0.40725530458590004,0.25189873417721514,iCaRL
1547,0.9940774487471525,0.4543010752688172,0.36331877729257633,0.37606444188722665,iCaRL
1547,0.999746835443038,0.44863813229571986,0.45,0.3968929804372842,iCaRL
1547,0.9903896103896106,0.514874551971326,0.27459459459459457,0.29643268124280786,iCaRL
1547,0.9989669421487604,0.45772690106296,0.30937713894592744,0.30563866513233595,iCaRL
1547,0.9995550611790879,0.44116094986807386,0.38534482758620686,0.3556962025316456,iCaRL
1547,0.9991709844559585,0.4579710144927536,0.3289189189189189,0.25673187571921746,iCaRL
1547,0.994760820045558,0.460752688172043,0.360844250363901,0.4134637514384349,iCaRL
1547,0.9790940766550522,0.45790884718498664,0.44639244774106535,0.3163406214039125,iCaRL
1547,0.9986316989737742,0.3499133448873483,0.3652298850574712,0.33855005753739925,iCaRL
1547,0.9888551165146909,0.48357487922705306,0.3363513513513513,0.32289988492520133,iCaRL
1547,0.9997674418604652,0.4767713004484305,0.41560574948665296,0.3413118527042577,iCaRL
1547,0.9993303571428571,0.4141093474426807,0.3505747126436781,0.35373993095512074,iCaRL
6085,0.9910840932117528,0.33220883534136547,0.33175994605529324,0.3345224395857307,iCaRL
6085,0.9986607142857142,0.5111111111111111,0.35775862068965514,0.34844649021864205,iCaRL
6085,0.9989873417721521,0.5454072790294627,0.41133333333333333,0.28849252013808974,iCaRL
6085,0.99930151338766,0.4538732394366197,0.3965065502183406,0.4070195627157652,iCaRL
6085,0.9990686845168799,0.44685505925250685,0.2748180494905385,0.3911392405063291,iCaRL
6085,0.9989637305699481,0.49066022544283416,0.3759459459459459,0.2538550057537399,iCaRL
6085,0.9897497020262216,0.42297174111212393,0.2644832605531295,0.319102416570771,iCaRL
6085,0.9881235154394299,0.5064676616915423,0.3726230613621039,0.3093210586881473,iCaRL
6085,0.9919831223628691,0.4584489795918367,0.38540540540540535,0.32842347525891824,iCaRL
6085,0.9900709219858157,0.3461847389558233,0.354956169925826,0.34257767548906787,iCaRL
6085,0.9917721518987342,0.3966832504145937,0.3660506502395619,0.3490218642117376,iCaRL
6085,0.9987564766839376,0.48732624693376947,0.30622861054072553,0.22727272727272724,iCaRL
6085,0.9924675324675324,0.42539682539682533,0.29999999999999993,0.24579976985040272,iCaRL
6085,0.999746835443038,0.5257042253521127,0.35807860262008734,0.32600690448791714,iCaRL
6085,0.99209726443769,0.49597423510466976,0.34851351351351345,0.21726121979286533,iCaRL
6085,0.9985537190082645,0.442570281124498,0.3946666666666666,0.2956271576524741,iCaRL
6085,0.9990697674418605,0.45112107623318387,0.4216290212183436,0.2547756041426927,iCaRL
6085,0.998859749144812,0.4028699551569506,0.4254620123203285,0.24476409666283078,iCaRL
6085,0.9947608200455582,0.4234767025089606,0.348471615720524,0.39815880322209435,iCaRL
6085,1.0,0.4760700389105059,0.48117816091954013,0.2941311852704257,iCaRL
6085,0.990909090909091,0.5068100358422939,0.37081081081081074,0.2437284234752589,iCaRL
6085,0.9987603305785125,0.4979558462796401,0.3816563997262149,0.29505178365937856,iCaRL
6085,0.9986651835372637,0.46350043975373795,0.384051724137931,0.3592635212888377,iCaRL
6085,0.9985492227979276,0.48647342995169085,0.33918918918918917,0.22451093210586878,iCaRL
6085,0.9940774487471525,0.4100358422939069,0.3406113537117904,0.37330264672036817,iCaRL
6085,0.981416957026713,0.4813226094727435,0.4478759271746459,0.3319907940161105,iCaRL
6085,0.9997719498289623,0.25233968804159446,0.3936781609195402,0.3062140391254315,iCaRL
6085,0.9910840932117528,0.4819645732689211,0.3898648648648648,0.2542002301495972,iCaRL
6085,0.9983720930232558,0.512286995515695,0.4631074606433949,0.2948216340621404,iCaRL
6085,0.9991071428571429,0.41834215167548494,0.3853448275862069,0.31116225546605286,iCaRL
175,0.9904761904761905,0.44722891566265055,0.2764666217127444,0.3339470655926352,iCaRL
175,0.9979910714285716,0.4881834215167548,0.3616379310344827,0.349482163406214,iCaRL
175,0.9992405063291139,0.5448873483535529,0.3489333333333334,0.2599539700805523,iCaRL
175,0.9997671711292199,0.4667253521126761,0.31208151382823873,0.33141542002301494,iCaRL
175,1.0,0.38851412944393793,0.2937409024745269,0.3338319907940161,iCaRL
175,0.9993782383419688,0.4605475040257649,0.2836486486486486,0.30264672036823936,iCaRL
175,0.9914183551847436,0.4703737465815861,0.40829694323144095,0.31680092059838894,iCaRL
175,0.9869358669833728,0.5441127694859038,0.3544167228590694,0.3208285385500575,iCaRL
175,0.9890295358649789,0.5000816326530613,0.33554054054054044,0.2919447640966628,iCaRL
175,0.9912867274569402,0.4240963855421686,0.30856372218476064,0.29654775604142697,iCaRL
175,0.9930379746835444,0.43449419568822556,0.3659137577002053,0.2632911392405063,iCaRL
175,0.9987564766839376,0.5452166802943582,0.28555783709787813,0.2713463751438435,iCaRL
175,0.9903896103896106,0.48924162257495596,0.2932432432432432,0.25937859608745684,iCaRL
175,0.999746835443038,0.5492957746478874,0.3368267831149927,0.334867663981588,iCaRL
175,0.988855116514691,0.4642512077294686,0.2725675675675675,0.26674338319907936,iCaRL
175,0.9989669421487604,0.4481927710843373,0.3754666666666666,0.276409666283084,iCaRL
175,0.9997674418604652,0.49255605381165923,0.45448323066392876,0.2758342922899885,iCaRL
175,0.9997719498289623,0.4719282511210762,0.3649555099247091,0.27767548906789413,iCaRL
175,0.9954441913439636,0.38745519713261645,0.2868995633187773,0.3257767548906789,iCaRL
175,0.999746835443038,0.5116731517509728,0.4441091954022989,0.3294591484464902,iCaRL
175,0.9916883116883117,0.421505376344086,0.30027027027027026,0.2683544303797468,iCaRL
175,0.9985537190082645,0.4780049059689288,0.3117043121149897,0.24787111622554656,iCaRL
175,0.9988876529477198,0.41952506596306066,0.39683908045977007,0.36685845799769845,iCaRL
175,0.9987564766839379,0.4186795491143317,0.31513513513513514,0.2691599539700805,iCaRL
175,0.9936218678815489,0.37813620071684584,0.3698689956331877,0.35535097813578825,iCaRL
175,0.9783972125435539,0.4845397676496872,0.35670937289278487,0.34154200230149595,iCaRL
175,0.9995438996579248,0.4634315424610051,0.30718390804597695,0.28895281933256617,iCaRL
175,0.9929078014184396,0.45233494363929144,0.2336486486486486,0.28181818181818186,iCaRL
175,0.9993023255813954,0.4489686098654708,0.43668720054757004,0.25512082853855,iCaRL
175,0.9986607142857142,0.4610229276895943,0.32255747126436785,0.35707710011507476,iCaRL
100,0.9937183383991893,0.42971887550200794,0.22022926500337148,0.3047180667433832,LUCIR
100,0.9984375,0.4412698412698413,0.26163793103448274,0.33981588032220944,LUCIR
100,0.9992405063291139,0.541421143847487,0.3689333333333333,0.23084004602991942,LUCIR
100,0.99953434225844,0.43362676056338023,0.27569141193595337,0.33613348676639815,LUCIR
100,0.99930151338766,0.38067456700091157,0.2966521106259097,0.3346375143843498,LUCIR
100,0.9973056994818654,0.48373590982286635,0.292027027027027,0.2010356731875719,LUCIR
100,0.9818831942789036,0.32616226071103005,0.2135371179039301,0.3601841196777905,LUCIR
100,0.9921615201900236,0.5376451077943616,0.3641267700606877,0.319102416570771,LUCIR
100,0.9936708860759493,0.40751020408163263,0.36756756756756753,0.3009205983889528,LUCIR
100,0.9947315096251266,0.38538152610441767,0.2838840188806473,0.31749136939010353,LUCIR
100,0.9808016877637129,0.40878938640132667,0.3952087611225188,0.2643268124280782,LUCIR
100,0.9979274611398964,0.5110384300899428,0.2568104038329911,0.24223245109321057,LUCIR
100,0.9870129870129871,0.39188712522045843,0.3628378378378378,0.2738780207134638,LUCIR
100,0.9992405063291139,0.5033450704225352,0.27525473071324597,0.3120828538550057,LUCIR
100,0.9953394123606889,0.3956521739130434,0.2202702702702702,0.23199079401611042,LUCIR
100,0.9983471074380164,0.41076305220883536,0.3513333333333334,0.2500575373993096,LUCIR
100,1.0,0.47156950672645737,0.43175906913073236,0.28584579976985036,LUCIR
100,0.9993158494868872,0.3549775784753363,0.33374401095140316,0.2562715765247411,LUCIR
100,0.9956719817767652,0.40017921146953406,0.35225618631732164,0.37284234752589185,LUCIR
100,0.999493670886076,0.4101167315175097,0.4485632183908046,0.30678941311852703,LUCIR
100,0.9932467532467533,0.4672043010752688,0.2471621621621621,0.2444188722669735,LUCIR
100,0.9987603305785123,0.41946034341782495,0.32060232717316905,0.2828538550057537,LUCIR
100,0.9991101223581758,0.39542656112576957,0.3837643678160919,0.3357882623705408,LUCIR
100,0.9987564766839376,0.4236714975845411,0.2581081081081081,0.22002301495972376,LUCIR
100,0.9952164009111616,0.4181003584229391,0.3496360989810771,0.35097813578826237,LUCIR
100,0.9795586527293845,0.39571045576407504,0.40121375590020225,0.28400460299194474,LUCIR
100,0.9986316989737741,0.4403812824956672,0.2614942528735632,0.2660529344073647,LUCIR
100,0.9957446808510639,0.5251207729468599,0.2986486486486486,0.25489067894131184,LUCIR
100,0.9990697674418605,0.44860986547085197,0.40136892539356606,0.28665132336018406,LUCIR
100,0.9986607142857142,0.40811287477954145,0.3086206896551723,0.32865362485615646,LUCIR
393,0.9933130699088146,0.4356626506024096,0.3260957518543492,0.2939010356731876,LUCIR
393,0.9977678571428573,0.3885361552028218,0.37499999999999994,0.3443037974683544,LUCIR
393,0.9992405063291139,0.5263431542461005,0.4162666666666667,0.28492520138089755,LUCIR
393,0.9986030267753201,0.3487676056338028,0.3037845705967977,0.3090909090909091,LUCIR
393,0.9990686845168799,0.4395624430264357,0.3641921397379913,0.3119677790563866,LUCIR
393,0.9991709844559585,0.52914653784219,0.2945945945945946,0.29930955120828534,LUCIR
393,0.9923718712753278,0.4428441203281677,0.3675400291120815,0.35523590333716915,LUCIR
393,0.9895486935866982,0.503648424543947,0.354956169925826,0.26858457997698504,LUCIR
393,0.990084388185654,0.41600000000000004,0.3927027027027027,0.28020713463751434,LUCIR
393,0.9935157041540019,0.4416064257028112,0.3514497639919083,0.33337169159953967,LUCIR
393,0.9852320675105485,0.4024875621890547,0.39000684462696783,0.20989643268124278,LUCIR
393,0.9989637305699481,0.541455437448896,0.2629705681040383,0.25270425776754885,LUCIR
393,0.994025974025974,0.3629629629629629,0.2959459459459459,0.28158803222094364,LUCIR
393,0.999493670886076,0.5026408450704225,0.346433770014556,0.33797468354430377,LUCIR
393,0.9971631205673758,0.49162640901771343,0.27567567567567564,0.29493670886075946,LUCIR
393,0.9991735537190083,0.428433734939759,0.352,0.2111622554660529,LUCIR
393,0.9988372093023257,0.49542600896860983,0.4069815195071868,0.2852704257767549,LUCIR
393,0.9979475484606614,0.4078923766816144,0.34496919917864477,0.2678941311852704,LUCIR
393,0.9945330296127561,0.46577060931899633,0.329985443959243,0.3489067894131185,LUCIR
393,1.0,0.49844357976653697,0.4498563218390805,0.3386651323360184,LUCIR
393,0.9898701298701299,0.3881720430107527,0.24837837837837834,0.2846950517836594,LUCIR
393,0.9993801652892561,0.5002452984464432,0.3357973990417522,0.2821634062140391,LUCIR
393,0.9993325917686317,0.4184696569920844,0.3830459770114943,0.3331415420023015,LUCIR
393,0.9981347150259067,0.4642512077294686,0.28527027027027024,0.2817031070195627,LUCIR
393,0.9952164009111618,0.42867383512544804,0.3941775836972344,0.3308400460299194,LUCIR
393,0.9853658536585366,0.45915996425379807,0.4424814565070802,0.3182968929804373,LUCIR
393,0.9988597491448118,0.4771230502599654,0.316235632183908,0.2669735327963176,LUCIR
393,0.9945288753799393,0.45507246376811594,0.36445945945945946,0.2982738780207134,LUCIR
393,0.9993023255813954,0.48340807174887884,0.4142368240930868,0.2532796317606444,LUCIR
393,0.9988839285714285,0.4264550264550264,0.3754310344827586,0.2949367088607595,LUCIR
1547,0.9951367781155014,0.4343775100401606,0.36062036412677,0.31311852704257764,LUCIR
1547,0.9991071428571429,0.5945326278659612,0.36853448275862066,0.3535097813578826,LUCIR
1547,0.999493670886076,0.6043327556325824,0.39026666666666665,0.30080552359033363,LUCIR
1547,0.9997671711292199,0.4172535211267605,0.34934497816593885,0.3471806674338319,LUCIR
1547,0.9997671711292199,0.4433910665451231,0.35836972343522555,0.36121979286536254,LUCIR
1547,0.9983419689119171,0.4996779388083735,0.36310810810810806,0.3026467203682393,LUCIR
1547,0.9918951132300358,0.3855970829535095,0.31921397379912664,0.37445339470655925,LUCIR
1547,0.9798099762470308,0.5666666666666667,0.3422791638570465,0.28331415420023015,LUCIR
1547,0.9924050632911392,0.5147755102040816,0.3287837837837838,0.31426927502876867,LUCIR
1547,0.9953394123606888,0.3977510040160642,0.3642616318273769,0.31783659378596085,LUCIR
1547,0.9911392405063291,0.4041459369817578,0.4216290212183436,0.2708860759493671,LUCIR
1547,0.9991709844559585,0.6081766148814391,0.39315537303216974,0.29424626006904486,LUCIR
1547,0.9927272727272728,0.41375661375661377,0.43945945945945936,0.3257767548906789,LUCIR
1547,0.9989873417721519,0.6660211267605634,0.3726346433770015,0.3459148446490219,LUCIR
1547,0.9933130699088146,0.4732689210950081,0.2209459459459459,0.29907940161104707,LUCIR
1547,0.9991735537190081,0.3508433734939759,0.35639999999999994,0.2565017261219793,LUCIR
1547,0.9976744186046511,0.4821524663677129,0.42464065708418886,0.2799769850402762,LUCIR
1547,1.0,0.2832286995515695,0.3177275838466803,0.3012658227848101,LUCIR
1547,0.9938496583143509,0.40143369175627236,0.3633187772925764,0.4279631760644419,LUCIR
1547,0.999493670886076,0.6204280155642022,0.47284482758620694,0.3431530494821634,LUCIR
1547,0.984155844155844,0.5469534050179211,0.29851351351351346,0.3363636363636363,LUCIR
1547,0.9993801652892561,0.5260834014717906,0.37412731006160166,0.3017261219792865,LUCIR
1547,0.9993325917686319,0.476693051890941,0.38132183908045975,0.3585730724971231,LUCIR
1547,0.9991709844559585,0.5570048309178743,0.3567567567567568,0.30874568469505176,LUCIR
1547,0.9938496583143508,0.49426523297491043,0.3740902474526929,0.4286536248561565,LUCIR
1547,0.9844367015098723,0.39571045576407504,0.4439649359406609,0.3237054085155351,LUCIR
1547,0.9990877993158496,0.3062391681109185,0.3070402298850574,0.32140391254315304,LUCIR
1547,0.9935157041540019,0.501610305958132,0.45729729729729723,0.2981588032220944,LUCIR
1547,0.9995348837209302,0.4419730941704036,0.3475701574264202,0.2844649021864212,LUCIR
1547,0.9984375,0.34779541446208107,0.39410919540229883,0.3703107019562715,LUCIR
6085,0.9935157041540018,0.4337349397590362,0.45664194200944036,0.36075949367088606,LUCIR
6085,0.9984375,0.4617283950617284,0.3725574712643678,0.38596087456846945,LUCIR
6085,0.9992405063291139,0.5793760831889081,0.4158666666666666,0.2844649021864211,LUCIR
6085,0.9990686845168799,0.4214788732394366,0.35997088791848614,0.33245109321058686,LUCIR
6085,0.9986030267753201,0.4395624430264357,0.32678311499272195,0.2779056386651323,LUCIR
6085,0.9995854922279792,0.6085346215780998,0.3639189189189189,0.2645569620253164,LUCIR
6085,0.9892729439809298,0.41896080218778486,0.3740902474526928,0.35914844649021854,LUCIR
6085,0.9874109263657956,0.4860696517412936,0.337154416722859,0.2565017261219793,LUCIR
6085,0.9860759493670885,0.5294693877551021,0.3558108108108108,0.2873417721518987,LUCIR
6085,0.99209726443769,0.4559036144578313,0.41631827376938635,0.3211737629459148,LUCIR
6085,0.990084388185654,0.41260364842454395,0.4308008213552362,0.24154200230149594,LUCIR
6085,0.9993782383419688,0.5465249386753884,0.36810403832991095,0.28365937859608736,LUCIR
6085,0.9911688311688313,0.39929453262786596,0.3777027027027027,0.2918296892980437,LUCIR
6085,0.999493670886076,0.7128521126760564,0.3883551673944687,0.36467203682393545,LUCIR
6085,0.9941236068895642,0.4801932367149758,0.4193243243243243,0.2777905638665132,LUCIR
6085,0.9997933884297521,0.44273092369477907,0.39413333333333334,0.2686996547756041,LUCIR
6085,1.0,0.45022421524663675,0.3530458590006844,0.2701956271576525,LUCIR
6085,0.9984036488027368,0.3382959641255605,0.39260780287474334,0.23279631760644418,LUCIR
6085,0.995899772209567,0.4915770609318996,0.37336244541484714,0.4542002301495972,LUCIR
6085,0.9987341772151899,0.5671206225680934,0.4613505747126436,0.32727272727272727,LUCIR
6085,0.9880519480519482,0.49211469534050173,0.34567567567567564,0.32692750287687,LUCIR
6085,0.9983471074380164,0.534914145543745,0.32183436002737853,0.25558112773302644,LUCIR
6085,0.9959955506117909,0.4297273526824978,0.38247126436781603,0.32830840046029924,LUCIR
6085,0.9989637305699481,0.547181964573269,0.3893243243243243,0.24326812428078246,LUCIR
6085,0.9936218678815489,0.45788530465949817,0.27001455604075686,0.41611047180667426,LUCIR
6085,0.9797909407665506,0.4604110813226095,0.4527309507754551,0.3563866513233601,LUCIR
6085,0.9997719498289623,0.35008665511265163,0.3597701149425287,0.30667433831990787,LUCIR
6085,0.9951367781155014,0.49790660225442834,0.422972972972973,0.3248561565017261,LUCIR
6085,0.9997674418604652,0.48914798206278026,0.42669404517453796,0.26973532796317606,LUCIR
6085,0.9984375,0.4693121693121694,0.38218390804597696,0.3848101265822784,LUCIR
175,0.9929078014184396,0.42377510040160643,0.29790964261631825,0.28504027617951666,LUCIR
175,0.9977678571428571,0.31040564373897706,0.33922413793103445,0.3074798619102416,LUCIR
175,1.0,0.6202772963604852,0.4054666666666667,0.2425776754890679,LUCIR
175,0.99930151338766,0.4246478873239436,0.28733624454148476,0.34073647871116225,LUCIR
175,0.9990686845168801,0.4452142206016408,0.35094614264919943,0.3524741081703107,LUCIR
175,0.9985492227979273,0.44041867954911423,0.26283783783783776,0.22163406214039122,LUCIR
175,0.9895113230035756,0.4587055606198723,0.29213973799126636,0.38181818181818183,LUCIR
175,0.9914489311163897,0.47744610281923716,0.3452461227242076,0.29079401611047173,LUCIR
175,0.9890295358649789,0.4022857142857143,0.45743243243243237,0.28032220943613345,LUCIR
175,0.9918946301925026,0.4146184738955824,0.3221847606203641,0.25051783659378596,LUCIR
175,0.9924050632911392,0.34262023217247095,0.4,0.31760644418872264,LUCIR
175,0.9987564766839376,0.6089942763695829,0.21013004791238873,0.23014959723820477,LUCIR
175,0.9922077922077921,0.34991181657848314,0.35648648648648645,0.24729574223245104,LUCIR
175,1.0,0.503169014084507,0.2780203784570597,0.3210586881472957,LUCIR
175,0.9941236068895642,0.39855072463768115,0.3702702702702702,0.27422324510932106,LUCIR
175,0.9993801652892561,0.4279518072289156,0.3510666666666667,0.26121979286536245,LUCIR
175,0.9995348837209302,0.4927354260089686,0.41190965092402465,0.30414269275028766,LUCIR
175,0.9997719498289623,0.35156950672645737,0.2926762491444216,0.2298043728423475,LUCIR
175,0.9943052391799544,0.4043010752688172,0.356768558951965,0.29838895281933253,LUCIR
175,1.0,0.5011673151750973,0.4222701149425287,0.34833141542002294,LUCIR
175,0.9919480519480519,0.4571684587813619,0.3101351351351351,0.29677790563866513,LUCIR
175,0.9991735537190083,0.4809484873262469,0.2706365503080082,0.2577675489067894,LUCIR
175,0.9988876529477195,0.37554969217238343,0.37212643678160917,0.32623705408515535,LUCIR
175,0.9979274611398964,0.494524959742351,0.31175675675675674,0.2500575373993095,LUCIR
175,0.9933940774487471,0.3698924731182795,0.3346433770014555,0.3464902186421174,LUCIR
175,0.978164924506388,0.4287756925826631,0.40633850303438973,0.27744533947065586,LUCIR
175,0.9920182440136831,0.42426343154246104,0.29166666666666663,0.28699654775604133,LUCIR
175,0.9955420466058763,0.494524959742351,0.32716216216216215,0.250632911392405,LUCIR
175,0.9988372093023257,0.48609865470852015,0.4365503080082135,0.27548906789413113,LUCIR
175,0.9953125,0.38818342151675483,0.3589080459770115,0.32635212888377446,LUCIR
All Exemplars,0.9821681864235057,0.7203212851405623,0.28307484828051244,0.29505178365937856,VAE_BBox
All Exemplars,0.9975446428571428,0.6908289241622576,0.4886494252873563,0.2779056386651323,VAE_BBox
All Exemplars,0.9984810126582279,0.9537261698440208,0.5326666666666666,0.5158803222094361,VAE_BBox
All Exemplars,0.9983701979045401,0.7565140845070422,0.35604075691411935,0.4096662830840046,VAE_BBox
All Exemplars,0.9986030267753201,0.8162260711030083,0.42911208151382824,0.4388952819332566,VAE_BBox
All Exemplars,0.9979274611398964,0.5935587761674719,0.4363513513513513,0.37261219792865363,VAE_BBox
All Exemplars,0.9837902264600716,0.6785779398359161,0.3087336244541484,0.366398158803222,VAE_BBox
All Exemplars,0.9719714964370546,0.7207296849087894,0.4922454484153743,0.4837744533947065,VAE_BBox
All Exemplars,0.9841772151898732,0.6857142857142857,0.45662162162162157,0.32117376294591476,VAE_BBox
All Exemplars,0.9858156028368794,0.731566265060241,0.27066756574511125,0.2951668584579977,VAE_BBox
All Exemplars,0.9850210970464136,0.6744610281923714,0.24052019164955504,0.2771001150747986,VAE_BBox
All Exemplars,0.9975129533678755,0.715290269828291,0.3268993839835729,0.2391254315304948,VAE_BBox
All Exemplars,0.9841558441558442,0.8906525573192241,0.5690540540540541,0.6044879171461449,VAE_BBox
All Exemplars,0.9987341772151899,0.9267605633802816,0.6870451237263464,0.6718066743383199,VAE_BBox
All Exemplars,0.9841945288753801,0.7695652173913043,0.42756756756756753,0.4277330264672036,VAE_BBox
All Exemplars,0.9979338842975206,0.8056224899598394,0.5422666666666667,0.35512082853855004,VAE_BBox
All Exemplars,0.9976744186046511,0.806457399103139,0.5308692676249145,0.4369390103567318,VAE_BBox
All Exemplars,0.9984036488027368,0.805560538116592,0.5830253251197809,0.4637514384349828,VAE_BBox
All Exemplars,0.987015945330296,0.7799283154121863,0.49534206695778754,0.24856156501726123,VAE_BBox
All Exemplars,0.999493670886076,0.9741245136186769,0.7469827586206896,0.49321058688147285,VAE_BBox
All Exemplars,0.9875324675324675,0.8539426523297491,0.6728378378378379,0.571921749136939,VAE_BBox
All Exemplars,0.9979338842975206,0.7885527391659852,0.43874058863791926,0.34752589182968924,VAE_BBox
All Exemplars,0.9971078976640712,0.9350923482849606,0.64066091954023,0.40195627157652475,VAE_BBox
All Exemplars,0.9973056994818652,0.6067632850241547,0.37337837837837834,0.37997698504027616,VAE_BBox
All Exemplars,0.9917995444191344,0.7431899641577061,0.5189228529839883,0.3047180667433832,VAE_BBox
All Exemplars,0.9702671312427409,0.5481680071492404,0.3795010114632501,0.4204833141542002,VAE_BBox
All Exemplars,0.998175598631699,0.8025996533795494,0.5018678160919541,0.4653624856156501,VAE_BBox
All Exemplars,0.9813576494427559,0.7634460547504026,0.4621621621621622,0.4298043728423475,VAE_BBox
All Exemplars,0.9990697674418605,0.7684304932735426,0.5264887063655032,0.4356731875719217,VAE_BBox
All Exemplars,0.9964285714285716,0.6989417989417989,0.45215517241379305,0.3390103567318757,VAE_BBox
All Exemplars,0.9815602836879433,0.6904417670682731,0.2659474039109912,0.2341772151898734,VAE_Filter
All Exemplars,0.9970982142857142,0.7507936507936508,0.4623563218390804,0.28895281933256617,VAE_Filter
All Exemplars,0.9992405063291139,0.9135181975736568,0.5782666666666667,0.561910241657077,VAE_Filter
All Exemplars,0.9976717112922003,0.7721830985915493,0.3655021834061135,0.39102416570771,VAE_Filter
All Exemplars,0.9981373690337602,0.773746581586144,0.3640465793304221,0.34672036823935554,VAE_Filter
All Exemplars,0.9973056994818652,0.5745571658615137,0.3432432432432432,0.3171461449942462,VAE_Filter
All Exemplars,0.9787842669845054,0.7144940747493163,0.2887918486171761,0.36973532796317604,VAE_Filter
All Exemplars,0.9771971496437055,0.7301824212271973,0.5197572488199594,0.49930955120828535,VAE_Filter
All Exemplars,0.9856540084388186,0.680326530612245,0.4520270270270269,0.32151898734177214,VAE_Filter
All Exemplars,0.9862208713272542,0.6833734939759035,0.37073499662845577,0.35604142692750285,VAE_Filter
All Exemplars,0.9827004219409282,0.6898839137645107,0.2531143052703627,0.3474108170310702,VAE_Filter
All Exemplars,0.9973056994818652,0.6327064595257564,0.3496235455167693,0.32036823935558106,VAE_Filter
All Exemplars,0.9836363636363636,0.8744268077601409,0.5582432432432433,0.5739930955120829,VAE_Filter
All Exemplars,0.9987341772151899,0.9308098591549296,0.6503639010189228,0.6219792865362486,VAE_Filter
All Exemplars,0.9864235055724417,0.7632850241545894,0.42270270270270266,0.4298043728423475,VAE_Filter
All Exemplars,0.9989669421487604,0.7799196787148595,0.5394666666666668,0.36075949367088606,VAE_Filter
All Exemplars,0.9969767441860465,0.838206278026906,0.5347022587268994,0.40529344073647866,VAE_Filter
All Exemplars,0.9979475484606614,0.7987443946188341,0.5958932238193018,0.5073647871116226,VAE_Filter
All Exemplars,0.9913439635535308,0.6781362007168459,0.5020378457059679,0.2628308400460299,VAE_Filter
All Exemplars,0.9984810126582279,0.8992217898832685,0.664367816091954,0.49482163406214036,VAE_Filter
All Exemplars,0.9789610389610388,0.8550179211469533,0.682972972972973,0.5995397008055235,VAE_Filter
All Exemplars,0.9977272727272727,0.7913327882256744,0.44462696783025324,0.412313003452244,VAE_Filter
All Exemplars,0.9968854282536153,0.8782761653474054,0.6165229885057472,0.42416570771001155,VAE_Filter
All Exemplars,0.9952331606217616,0.613365539452496,0.37472972972972973,0.3513233601841197,VAE_Filter
All Exemplars,0.991116173120729,0.7041218637992832,0.48122270742358075,0.25477560414269274,VAE_Filter
All Exemplars,0.9681765389082461,0.6312779267202859,0.36372218476062035,0.4231300345224396,VAE_Filter
All Exemplars,0.998859749144812,0.7863084922010399,0.5228448275862069,0.4680092059838895,VAE_Filter
All Exemplars,0.9821681864235057,0.7144927536231884,0.43229729729729727,0.43958573072497115,VAE_Filter
All Exemplars,0.9983720930232558,0.8495067264573992,0.5225188227241616,0.4567318757192175,VAE_Filter
All Exemplars,0.9988839285714285,0.6853615520282187,0.4602011494252872,0.31127733026467197,VAE_Filter
All Exemplars,0.9827760891590678,0.7320481927710845,0.4547538772757923,0.3919447640966628,VAE_GMM
All Exemplars,0.9966517857142858,0.8957671957671958,0.5410919540229885,0.384234752589183,VAE_GMM
All Exemplars,0.9979746835443037,0.8878682842287695,0.5254666666666667,0.4194476409666283,VAE_GMM
All Exemplars,0.99930151338766,0.8748239436619718,0.45997088791848617,0.3355581127733026,VAE_GMM
All Exemplars,0.99790454016298,0.863081130355515,0.47045123726346433,0.3613348676639816,VAE_GMM
All Exemplars,0.997720207253886,0.8481481481481481,0.5452702702702703,0.38906789413118525,VAE_GMM
All Exemplars,0.9830750893921335,0.805651777575205,0.4302765647743813,0.3722669735327963,VAE_GMM
All Exemplars,0.9748218527315915,0.8253731343283581,0.629130141604855,0.4317606444188723,VAE_GMM
All Exemplars,0.9833333333333334,0.8408163265306122,0.4277027027027026,0.4567318757192174,VAE_GMM
All Exemplars,0.9845997973657548,0.8139759036144578,0.4887390424814565,0.41070195627157646,VAE_GMM
All Exemplars,0.9820675105485233,0.7557213930348258,0.4944558521560575,0.4016110471806674,VAE_GMM
All Exemplars,0.9960621761658031,0.8672117743254294,0.5505817932922656,0.4155350978135788,VAE_GMM
All Exemplars,0.9810389610389609,0.901410934744268,0.5866216216216216,0.5230149597238205,VAE_GMM
All Exemplars,0.9992405063291139,0.8654929577464788,0.42707423580786025,0.3524741081703107,VAE_GMM
All Exemplars,0.9801418439716312,0.9447665056360709,0.6094594594594593,0.45811277330264666,VAE_GMM
All Exemplars,0.9977272727272727,0.9203212851405624,0.4856,0.383199079401611,VAE_GMM
All Exemplars,0.9986046511627906,0.8957847533632288,0.6528405201916496,0.4128883774453394,VAE_GMM
All Exemplars,0.998859749144812,0.8586547085201793,0.49774127310061606,0.4096662830840046,VAE_GMM
All Exemplars,0.9911161731207289,0.8129032258064516,0.4582241630276564,0.3232451093210586,VAE_GMM
All Exemplars,0.9984810126582279,0.8494163424124516,0.42385057471264365,0.3686996547756041,VAE_GMM
All Exemplars,0.9815584415584416,0.9086021505376344,0.4510810810810811,0.543843498273878,VAE_GMM
All Exemplars,0.9983471074380166,0.9304987735077678,0.6420260095824778,0.3469505178365938,VAE_GMM
All Exemplars,0.9984427141268075,0.8098504837291116,0.40172413793103445,0.38434982738780205,VAE_GMM
All Exemplars,0.9966839378238342,0.8726247987117551,0.5133783783783783,0.42174913693901034,VAE_GMM
All Exemplars,0.9908883826879272,0.8630824372759858,0.5077147016011645,0.3684695051783659,VAE_GMM
All Exemplars,0.9660859465737515,0.7054512957998212,0.5112609575185434,0.45696202531645574,VAE_GMM
All Exemplars,0.999315849486887,0.81421143847487,0.3955459770114942,0.27111622554660525,VAE_GMM
All Exemplars,0.9850050658561298,0.8790660225442835,0.5840540540540541,0.3441887226697352,VAE_GMM
All Exemplars,0.9981395348837211,0.8834080717488788,0.6366872005475701,0.3935558112773302,VAE_GMM
All Exemplars,0.996875,0.8507936507936508,0.5205459770114942,0.38814729574223245,VAE_GMM
